Generation             Load
      Bus      Volts     Angle      Real  Reactive      Real  Reactive 
    1.0000    1.0000         0    0.6700    0.1271         0         0
    2.0000    1.0000   10.0225    1.6300    0.2075         0         0
    3.0000    1.0000    5.1349    0.8500   -0.0073         0         0
    4.0000    0.9934   -2.2264         0         0         0         0
    5.0000    0.9913   -3.7546         0         0    0.9000    0.3000
    6.0000    1.0017    2.2846         0         0         0         0
    7.0000    0.9877    0.9099         0         0    1.0000    0.3500
    8.0000    0.9923    4.1297         0         0         0         0
    9.0000    0.9736   -4.1633         0         0    1.2500    0.5000